 
**************** MICROMAGNETIC INFORMATION *********************
  Unit cell volume         : 0.100E-26  m^3
  Saturation nagnetization :     0.040  MA/m
  ETA MIN :     6
  ETA MAX :    12
****************************************************************
 
 
  Exchange stiffness at T=0 K:     2.581  pJ/m
**************** EXCHANGE STIFFNESS MATRIX [pJ/m] **************
        2.581997        1.374440        1.377928
        1.374440        2.564176        1.375474
        1.377928        1.375474        2.600666
****************************************************************
 
  Spin wave stiffness from Jijs:  1493.415±    -0.454  meVÅ^2
**************** SPIN WAVE STIFFNESS MATRIX [meVA^2] ***********
     1494.011855      795.287535      797.305495
      795.287535     1483.700212      795.885787
      797.305495      795.885787     1504.814442
****************************************************************
 
  Exchange stiffness at T=0 K (LSQ):     2.434  pJ/m
**************** EXCHANGE STIFFNESS MATRIX [pJ/m] **************
        2.482917        1.329587        1.333543
        1.329587        2.464902        1.330403
        1.333543        1.330403        2.495480
****************************************************************
 
  Spin wave stiffness from Jijs (LSQ):  1408.526  meVÅ^2
**************** SPIN WAVE STIFFNESS MATRIX [meVA^2] ***********
     1436.681336      769.334310      771.623494
      769.334310     1426.257725      769.806167
      771.623494      769.806167     1443.950602
****************************************************************
 
 
**************** J0 VECTOR [meV] *******************************
       1       0.000
       2       0.000
       3       0.000
       4       0.000
       5      28.390
       6      28.393
       7      28.393
       8      28.390
****************************************************************
 
