 
**************** MICROMAGNETIC INFORMATION *********************
  Unit cell volume         : 0.104E-27  m^3
  Saturation nagnetization :     0.385  MA/m
  ETA MIN :     6
  ETA MAX :    12
****************************************************************
 
 
  Exchange stiffness at T=0 K:     5.501  pJ/m
**************** EXCHANGE STIFFNESS MATRIX [pJ/m] **************
        5.488995        2.924744        2.935798
        2.924744        5.457439        2.926720
        2.935798        2.926720        5.536660
****************************************************************
 
  Spin wave stiffness from Jijs:   330.473±     0.375  meVÅ^2
**************** SPIN WAVE STIFFNESS MATRIX [meVA^2] ***********
      329.749917      175.703244      176.367285
      175.703244      327.854223      175.821921
      176.367285      175.821921      332.613374
****************************************************************
 
  Exchange stiffness at T=0 K (LSQ):     5.179  pJ/m
**************** EXCHANGE STIFFNESS MATRIX [pJ/m] **************
        5.282801        2.828909        2.837326
        2.828909        5.244473        2.830644
        2.837326        2.830644        5.309531
****************************************************************
 
  Spin wave stiffness from Jijs (LSQ):   311.143  meVÅ^2
**************** SPIN WAVE STIFFNESS MATRIX [meVA^2] ***********
      317.362907      169.945949      170.451630
      169.945949      315.060332      170.050182
      170.451630      170.050182      318.968688
****************************************************************
 
 
**************** J0 VECTOR [meV] *******************************
       1       0.000
       2       0.000
       3       0.000
       4       0.000
       5      28.390
       6      28.393
       7      28.393
       8      28.390
****************************************************************
 
